# Nx		Ny		frustration		I		free_energy
16		16		0		0.01598739358		0.0001363282579
16		16		0		0.03198907628		0.0005438488701
16		16		0		0.04798166712		0.001223578311
16		16		0		0.06399042235		0.002175282584
16		16		0		0.07998099394		0.003399013268
16		16		0		0.09600009535		0.004894701482
16		16		0		0.1119852459		0.006662367133
16		16		0		0.1279826821		0.008702034068
16		16		0		0.1439852353		0.01101375159
16		16		0		0.1599905054		0.01359746449
16		16		0		0.1759856023		0.01645308609
16		16		0		0.1919895826		0.01958077418
16		16		0		0.2079819277		0.02298034979
16		16		0		0.2239888455		0.02665200031
16		16		0		0.2399721766		0.03059563067
16		16		0		0.2559829213		0.03481111426
16		16		0		0.2719714782		0.03929868386
16		16		0		0.2879793106		0.04405808367
16		16		0		0.3039654009		0.04908957508
16		16		0		0.3199645364		0.05439302372
16		16		0.006		0.01598183434		1.70966073
16		16		0.006		0.03193743889		1.710066993
16		16		0.006		0.04790208149		1.710744114
16		16		0.006		0.06382948021		1.711692052
16		16		0.006		0.07975733264		1.71291086
16		16		0.006		0.09567887749		1.714400514
16		16		0.006		0.1115946235		1.716160959
16		16		0.006		0.1275007388		1.718192293
16		16		0.006		0.1434200676		1.720494398
16		16		0.006		0.1593235132		1.723067403
16		16		0.006		0.1752439844		1.725911244
16		16		0.006		0.1911551793		1.729025826
16		16		0.006		0.2070772228		1.732411323
16		16		0.006		0.2230142001		1.736067539
16		16		0.006		0.2389401087		1.739994677
16		16		0.006		0.2548761794		1.744192512
16		16		0.006		0.2708053722		1.748661277
16		16		0.006		0.2867357107		1.753400852
16		16		0.006		0.3026700702		1.758411088
16		16		0.006		0.3186031176		1.763692261
16		16		0.012		0.01582060342		6.807675722
16		16		0.012		0.03158171435		6.808076756
16		16		0.012		0.0472819707		6.808745164
16		16		0.012		0.06309907948		6.809680928
16		16		0.012		0.07871076195		6.810884061
16		16		0.012		0.0944945388		6.812354576
16		16		0.012		0.1102476908		6.814092407
16		16		0.012		0.1258082193		6.816097619
16		16		0.012		0.1415793267		6.818370141
16		16		0.012		0.1573449857		6.820910087
16		16		0.012		0.1730844145		6.823717306
16		16		0.012		0.1888073833		6.826791953
16		16		0.012		0.2045616037		6.830133948
16		16		0.012		0.2202690689		6.833743181
16		16		0.012		0.2359859433		6.837619854
16		16		0.012		0.251699011		6.841763745
16		16		0.012		0.2674182167		6.846175081
16		16		0.012		0.2831347171		6.850853746
16		16		0.012		0.2988268154		6.855799593
16		16		0.012		0.3145549932		6.861012897
16		16		0.018		0.01549206738		15.20228954
16		16		0.018		0.03100590058		15.20268184
16		16		0.018		0.04627365082		15.20333562
16		16		0.018		0.06162863883		15.20425095
16		16		0.018		0.07726852613		15.20542789
16		16		0.018		0.09229783733		15.20686621
16		16		0.018		0.107884882		15.20856614
16		16		0.018		0.1231151648		15.21052755
16		16		0.018		0.1387550808		15.21275052
16		16		0.018		0.1536107112		15.21523487
16		16		0.018		0.1692654317		15.21798087
16		16		0.018		0.1848562546		15.22098838
16		16		0.018		0.1998039742		15.22425725
16		16		0.018		0.2154168748		15.22778771
16		16		0.018		0.230969449		15.23157971
16		16		0.018		0.246251115		15.23563313
16		16		0.018		0.261424223		15.23994807
16		16		0.018		0.2770160418		15.24452451
16		16		0.018		0.2925852014		15.24936246
16		16		0.018		0.3077079801		15.25446177
16		16		0.024		0.01551081783		19.0245752
16		16		0.024		0.03051800325		19.02496338
16		16		0.024		0.045682416		19.0256101
16		16		0.024		0.06083199262		19.02651597
16		16		0.024		0.07597314633		19.02767958
16		16		0.024		0.09117025778		19.02910246
16		16		0.024		0.1063403321		19.03078418
16		16		0.024		0.1215867853		19.03272411
16		16		0.024		0.1367874926		19.03492274
16		16		0.024		0.1519743456		19.0373809
16		16		0.024		0.1671470896		19.04009637
16		16		0.024		0.1824242042		19.0430706
16		16		0.024		0.1977385385		19.04630337
16		16		0.024		0.2128687116		19.04979614
16		16		0.024		0.2280922202		19.05354712
16		16		0.024		0.2433083129		19.05755623
16		16		0.024		0.2584723358		19.0618232
16		16		0.024		0.2736450064		19.06634934
16		16		0.024		0.2889094609		19.07113385
16		16		0.024		0.3042195456		19.07617729
16		16		0.03		0.01477386459		25.11010984
16		16		0.03		0.03047337627		25.11049392
16		16		0.03		0.04540771908		25.11113334
16		16		0.03		0.06042383589		25.11202958
16		16		0.03		0.07533625825		25.11318
16		16		0.03		0.09036802638		25.11458738
16		16		0.03		0.1054148111		25.11625038
16		16		0.03		0.1204400892		25.11816936
16		16		0.03		0.1355041754		25.12034375
16		16		0.03		0.1505437289		25.1227741
16		16		0.03		0.1656006482		25.12546161
16		16		0.03		0.18064603		25.1284034
16		16		0.03		0.1956921133		25.13160064
16		16		0.03		0.2107379322		25.13505564
16		16		0.03		0.2257870914		25.13876436
16		16		0.03		0.2408300006		25.1427303
16		16		0.03		0.2558709348		25.14695159
16		16		0.03		0.2709151297		25.15142785
16		16		0.03		0.2859581217		25.15615969
16		16		0.03		0.3009981521		25.16114874
16		16		0.036		0.0143560171		31.68038861
16		16		0.036		0.02902941249		31.6807639
16		16		0.036		0.04366745207		31.68138663
16		16		0.036		0.05837785453		31.68226224
16		16		0.036		0.07306525063		31.6833862
16		16		0.036		0.08776616647		31.68475928
16		16		0.036		0.1024585321		31.68638402
16		16		0.036		0.1171634564		31.6882569
16		16		0.036		0.1318658104		31.69038027
16		16		0.036		0.1465612112		31.69275435
16		16		0.036		0.1612630619		31.69537914
16		16		0.036		0.1759654649		31.69825253
16		16		0.036		0.1906689888		31.70137475
16		16		0.036		0.205367705		31.70474831
16		16		0.036		0.2200699274		31.70837248
16		16		0.036		0.2347727021		31.71224503
16		16		0.036		0.249473946		31.71636797
16		16		0.036		0.2641779409		31.72074194
16		16		0.036		0.2788796743		31.72536425
16		16		0.036		0.2935815438		31.73023819
16		16		0.042		0.01412902059		38.59435298
16		16		0.042		0.02839860741		38.59471824
16		16		0.042		0.04255287606		38.59532869
16		16		0.042		0.05706009783		38.59618262
16		16		0.042		0.07126541207		38.59728029
16		16		0.042		0.08562604548		38.59862197
16		16		0.042		0.09996735841		38.60020819
16		16		0.042		0.114313437		38.60203668
16		16		0.042		0.1286684396		38.6041113
16		16		0.042		0.1430192575		38.60642962
16		16		0.042		0.1573738754		38.6089908
16		16		0.042		0.1717260853		38.61179688
16		16		0.042		0.1860802345		38.61484652
16		16		0.042		0.2004371657		38.61813964
16		16		0.042		0.214790426		38.62167911
16		16		0.042		0.2291450362		38.62546078
16		16		0.042		0.2434990904		38.62948596
16		16		0.042		0.2578520337		38.63375369
16		16		0.042		0.2722057396		38.6382692
16		16		0.042		0.2865602587		38.64302866
16		16		0.048		0.0140380755		46.22304236
16		16		0.048		0.02821984641		46.2234067
16		16		0.048		0.0424708238		46.22401298
16		16		0.048		0.0567374559		46.22486152
16		16		0.048		0.071004515		46.22595435
16		16		0.048		0.08527472603		46.22728832
16		16		0.048		0.09954208402		46.22886489
16		16		0.048		0.1138116298		46.2306848
16		16		0.048		0.1280799553		46.23274564
16		16		0.048		0.1423446164		46.23505229
16		16		0.048		0.1566120308		46.23759903
16		16		0.048		0.1708776933		46.24038781
16		16		0.048		0.1851405431		46.2434198
16		16		0.048		0.1994008884		46.24669454
16		16		0.048		0.2136637167		46.25021169
16		16		0.048		0.2279224445		46.25397144
16		16		0.048		0.2421802258		46.25797318
16		16		0.048		0.25643733		46.26221695
16		16		0.048		0.2706895541		46.26670489
16		16		0.048		0.2849436446		46.27143217
16		16		0.054		0.01520342238		53.96570471
16		16		0.054		0.02907413042		53.96606664
16		16		0.054		0.0430863606		53.96667702
16		16		0.054		0.05715066226		53.96751823
16		16		0.054		0.07123630397		53.96860249
16		16		0.054		0.08532846029		53.96992847
16		16		0.054		0.09942908464		53.97149227
16		16		0.054		0.1135296777		53.97329607
16		16		0.054		0.1276300201		53.9753377
16		16		0.054		0.1417322374		53.97761935
16		16		0.054		0.1558335844		53.98014243
16		16		0.054		0.1699336991		53.98290683
16		16		0.054		0.184032604		53.98590801
16		16		0.054		0.1981312822		53.9891516
16		16		0.054		0.2122306692		53.99263464
16		16		0.054		0.2263259837		53.99635213
16		16		0.054		0.2404224918		54.00031454
16		16		0.054		0.2545180212		54.00451559
16		16		0.054		0.2686122736		54.00895564
16		16		0.054		0.2827046839		54.01363689
16		16		0.06		0.0138052335		61.489173
16		16		0.06		0.02745667535		61.48951819
16		16		0.06		0.04123182023		61.49009983
16		16		0.06		0.05501583264		61.49091431
16		16		0.06		0.06880286454		61.49196631
16		16		0.06		0.08259444461		61.49324955
16		16		0.06		0.09638885377		61.49476941
16		16		0.06		0.1101839058		61.49652233
16		16		0.06		0.1239797649		61.49851029
16		16		0.06		0.1377773547		61.50073296
16		16		0.06		0.1515774726		61.5031895
16		16		0.06		0.1653763382		61.50588194
16		16		0.06		0.1791757584		61.50880778
16		16		0.06		0.1929778197		61.51196835
16		16		0.06		0.2067820534		61.51536456
16		16		0.06		0.2205866902		61.51899638
16		16		0.06		0.2343902033		61.5228594
16		16		0.06		0.2481930853		61.52695816
16		16		0.06		0.2620002888		61.53129584
16		16		0.06		0.2758054254		61.53586383
16		16		0.066		0.01380612363		70.45045508
16		16		0.066		0.02603630155		70.45076428
16		16		0.066		0.03802085648		70.4512759
16		16		0.066		0.05000217285		70.45199244
16		16		0.066		0.06197042588		70.45291149
16		16		0.066		0.07393836534		70.45403131
16		16		0.066		0.08590159429		70.45535838
16		16		0.066		0.09786265934		70.45688673
16		16		0.066		0.1097124155		70.45862112
16		16		0.066		0.1217426993		70.46055451
16		16		0.066		0.1337186725		70.46269221
16		16		0.066		0.1455631981		70.46503314
16		16		0.066		0.157582881		70.46757948
16		16		0.066		0.1694386034		70.47032863
16		16		0.066		0.1814517021		70.47327723
16		16		0.066		0.1932981799		70.47642951
16		16		0.066		0.205190383		70.47978381
16		16		0.066		0.2170958874		70.48334269
16		16		0.066		0.2290002725		70.48710261
16		16		0.066		0.2408992682		70.49106404
16		16		0.072		0.01034073374		78.3902904
16		16		0.072		0.02143097594		78.39055472
16		16		0.072		0.03217233027		78.39099723
16		16		0.072		0.04279819076		78.39161955
16		16		0.072		0.05327878742		78.39241829
16		16		0.072		0.06372389519		78.39339339
16		16		0.072		0.07414718181		78.39455003
16		16		0.072		0.08455412441		78.39587872
16		16		0.072		0.09493997343		78.39738575
16		16		0.072		0.1053072213		78.39906894
16		16		0.072		0.1156576279		78.40092794
16		16		0.072		0.1259868946		78.40295906
16		16		0.072		0.1362954602		78.4051696
16		16		0.072		0.1465861116		78.40755508
16		16		0.072		0.1569110653		78.41011181
16		16		0.072		0.1670642091		78.41284347
16		16		0.072		0.1773664757		78.41574674
16		16		0.072		0.1875436599		78.41882609
16		16		0.072		0.1977139464		78.42207959
16		16		0.072		0.207869029		78.42550643
16		16		0.078		0.007610338687		84.39420141
16		16		0.078		0.01607089158		84.39442998
16		16		0.078		0.02474316512		84.39480652
16		16		0.078		0.03358834486		84.39533276
16		16		0.078		0.04238695845		84.39601062
16		16		0.078		0.05119149156		84.39683605
16		16		0.078		0.05988649696		84.39780901
16		16		0.078		0.06877423367		84.39893383
16		16		0.078		0.07748534061		84.40020875
16		16		0.078		0.08638229158		84.40163436
16		16		0.078		0.09509106498		84.40320469
16		16		0.078		0.1038725769		84.4049256
16		16		0.078		0.1126633118		84.40679825
16		16		0.078		0.1214575025		84.40882131
16		16		0.078		0.1302486876		84.41098973
16		16		0.078		0.1390354949		84.41331191
16		16		0.078		0.1478174928		84.41578199
16		16		0.078		0.1565948771		84.41839907
16		16		0.078		0.1653630778		84.42116759
16		16		0.078		0.1741247262		84.42408375
16		16		0.084		0.00662955817		89.22921161
16		16		0.084		0.01301573104		89.22938877
16		16		0.084		0.01959020313		89.22968534
16		16		0.084		0.02622887884		89.23009623
16		16		0.084		0.03291355261		89.23061718
16		16		0.084		0.03963402667		89.23125683
16		16		0.084		0.04638004158		89.23200904
16		16		0.084		0.05313896095		89.23287575
16		16		0.084		0.05990968035		89.23385567
16		16		0.084		0.06669185091		89.23495044
16		16		0.084		0.07347898778		89.23616561
16		16		0.084		0.08022609769		89.2374865
16		16		0.084		0.08706226399		89.2389311
16		16		0.084		0.09383535894		89.24048661
16		16		0.084		0.100642265		89.24215522
16		16		0.084		0.1074640992		89.24394104
16		16		0.084		0.1142967285		89.24584023
16		16		0.084		0.1211379944		89.24785702
16		16		0.084		0.1279861537		89.24998931
16		16		0.084		0.134841488		89.25223606
16		16		0.09		0.006430900648		94.41853366
16		16		0.09		0.01387644273		94.41871125
16		16		0.09		0.02120778604		94.41901275
16		16		0.09		0.02849035091		94.41943816
16		16		0.09		0.03573762124		94.419985
16		16		0.09		0.04296289702		94.42065442
16		16		0.09		0.05017805005		94.42144935
16		16		0.09		0.0573838944		94.42236909
16		16		0.09		0.06458205413		94.42340524
16		16		0.09		0.07177558084		94.42456578
16		16		0.09		0.07896577123		94.42585054
16		16		0.09		0.08615187296		94.42725994
16		16		0.09		0.0933327894		94.42879092
16		16		0.09		0.1005109945		94.43044405
16		16		0.09		0.1076850936		94.43221893
16		16		0.09		0.1148540237		94.43411841
16		16		0.09		0.1220216492		94.43613667
16		16		0.09		0.1291824149		94.43828172
16		16		0.09		0.1363401055		94.44054665
16		16		0.09		0.1434906698		94.44293344
16		16		0.096		0.006524683494		99.14359218
16		16		0.096		0.01397137182		99.14376347
16		16		0.096		0.02116753964		99.14404949
16		16		0.096		0.02826120408		99.14445099
16		16		0.096		0.03520911987		99.14497023
16		16		0.096		0.04211156		99.14560984
16		16		0.096		0.04899482744		99.14636197
16		16		0.096		0.05586936056		99.14723195
16		16		0.096		0.06274074119		99.1482208
16		16		0.096		0.06957952308		99.14932315
16		16		0.096		0.07647633806		99.15054364
16		16		0.096		0.08337138239		99.15188487
16		16		0.096		0.09026428725		99.15334101
16		16		0.096		0.09715943547		99.15491676
16		16		0.096		0.104053922		99.15661056
16		16		0.096		0.1109533333		99.15842049
16		16		0.096		0.1178526398		99.16034497
16		16		0.096		0.124755776		99.16238995
16		16		0.096		0.1316600678		99.16455566
16		16		0.096		0.1385654078		99.16683806
16		16		0.102		0.006063566972		102.8068655
16		16		0.102		0.01213982476		102.8070192
16		16		0.102		0.01815145148		102.8072784
16		16		0.102		0.02413602736		102.8076302
16		16		0.102		0.0301096349		102.8080807
16		16		0.102		0.03608430405		102.8086353
16		16		0.102		0.04206594019		102.809291
16		16		0.102		0.04806365095		102.8100455
16		16		0.102		0.05404095776		102.810901
16		16		0.102		0.06011344406		102.8118587
16		16		0.102		0.06613256227		102.8129196
16		16		0.102		0.07220824893		102.8140833
16		16		0.102		0.07830531963		102.8153481
16		16		0.102		0.08442379963		102.8167188
16		16		0.102		0.09055765702		102.8181903
16		16		0.102		0.0967080886		102.8197694
16		16		0.102		0.102877725		102.8214487
16		16		0.102		0.1090659759		102.8232385
16		16		0.102		0.1152714435		102.8251284
16		16		0.102		0.1214899248		102.8271251
16		16		0.108		0.007201858948		107.192229
16		16		0.108		0.01505419067		107.1924183
16		16		0.108		0.02273173431		107.1927355
16		16		0.108		0.03030398531		107.1931765
16		16		0.108		0.03780943122		107.1937432
16		16		0.108		0.04527252979		107.1944394
16		16		0.108		0.05275855349		107.1952613
16		16		0.108		0.06011377286		107.196203
16		16		0.108		0.06756384717		107.1972744
16		16		0.108		0.0749003386		107.1984694
16		16		0.108		0.08233657404		107.1997893
16		16		0.108		0.08970725455		107.2012375
16		16		0.108		0.09706948701		107.2028117
16		16		0.108		0.1044300159		107.2045038
16		16		0.108		0.1117829374		107.2063266
16		16		0.108		0.1191307183		107.208279
16		16		0.108		0.1264769983		107.2103476
16		16		0.108		0.1338125873		107.2125501
16		16		0.108		0.1411409118		107.21487
16		16		0.108		0.1484619756		107.2173185
16		16		0.114		0.005427509077		111.630054
16		16		0.114		0.01084590931		111.6302073
16		16		0.114		0.01634330102		111.6304499
16		16		0.114		0.02188363785		111.6307869
16		16		0.114		0.02745311444		111.6312145
16		16		0.114		0.03304831529		111.6317367
16		16		0.114		0.03866449168		111.6323509
16		16		0.114		0.04429845781		111.6330618
16		16		0.114		0.04994568847		111.6338671
16		16		0.114		0.05560686732		111.6347701
16		16		0.114		0.06128093012		111.6357649
16		16		0.114		0.0669638448		111.6368518
16		16		0.114		0.0726540614		111.638033
16		16		0.114		0.07835095599		111.6393143
16		16		0.114		0.08405668539		111.6406901
16		16		0.114		0.08976503107		111.6421589
16		16		0.114		0.09547650192		111.6437258
16		16		0.114		0.1011915802		111.6453859
16		16		0.114		0.1069481076		111.6471426
16		16		0.114		0.1126182286		111.6489951
16		16		0.12		0.005473520924		115.0901223
16		16		0.12		0.01088712357		115.090266
16		16		0.12		0.01626036802		115.0904961
16		16		0.12		0.02150827157		115.0908137
16		16		0.12		0.02677985045		115.0912225
16		16		0.12		0.03195932208		115.0917237
16		16		0.12		0.0371804863		115.092309
16		16		0.12		0.04231765525		115.0929843
16		16		0.12		0.04750296732		115.093738
16		16		0.12		0.05260899781		115.0945934
16		16		0.12		0.05776813379		115.0955354
16		16		0.12		0.06284853255		115.0965627
16		16		0.12		0.06798051936		115.0976769
16		16		0.12		0.07303753151		115.0988815
16		16		0.12		0.07814447481		115.1001725
16		16		0.12		0.08320683718		115.1015509
16		16		0.12		0.08825660418		115.1030148
16		16		0.12		0.09329035468		115.1045665
16		16		0.12		0.09831188282		115.1062103
16		16		0.12		0.1033168289		115.107934
16		16		0.126		0.003483831009		119.2716436
16		16		0.126		0.007983431239		119.2717718
16		16		0.126		0.01274053483		119.2719821
16		16		0.126		0.01777825314		119.2722735
16		16		0.126		0.02282780896		119.2726506
16		16		0.126		0.02780453393		119.2731178
16		16		0.126		0.03281183593		119.2736651
16		16		0.126		0.0377524357		119.2743002
16		16		0.126		0.04268199276		119.275015
16		16		0.126		0.04755615734		119.2758142
16		16		0.126		0.05244686044		119.2766959
16		16		0.126		0.05726422805		119.277662
16		16		0.126		0.06205745489		119.2787079
16		16		0.126		0.06681416633		119.2798324
16		16		0.126		0.07152975725		119.2810385
16		16		0.126		0.07622704457		119.2823228
16		16		0.126		0.08083287529		119.2836882
16		16		0.126		0.08541877073		119.2851289
16		16		0.126		0.08993645194		119.286652
16		16		0.126		0.09438690621		119.2882448
16		16		0.132		0.002813869792		122.5307423
16		16		0.132		0.006017230816		122.5308388
16		16		0.132		0.009312686077		122.5309851
16		16		0.132		0.01266696354		122.5311912
16		16		0.132		0.0160749943		122.5314688
16		16		0.132		0.01956133815		122.5317946
16		16		0.132		0.02306808615		122.5321862
16		16		0.132		0.0266090804		122.5326419
16		16		0.132		0.03018060618		122.5331533
16		16		0.132		0.0337822663		122.5337307
16		16		0.132		0.03741260527		122.5343679
16		16		0.132		0.04110189876		122.5350748
16		16		0.132		0.04479360246		122.5358384
16		16		0.132		0.04850169247		122.536664
16		16		0.132		0.05222711248		122.5375564
16		16		0.132		0.05600444746		122.5385098
16		16		0.132		0.05977992448		122.5395385
16		16		0.132		0.06356771644		122.5406151
16		16		0.132		0.06736797178		122.5417651
16		16		0.132		0.0712169347		122.5429831
16		16		0.138		0.004595202661		126.2350167
16		16		0.138		0.01154289263		126.2351618
16		16		0.138		0.01836968541		126.2354129
16		16		0.138		0.02513067904		126.2357775
16		16		0.138		0.03175512837		126.2362492
16		16		0.138		0.03831644979		126.2368316
16		16		0.138		0.04484201754		126.237524
16		16		0.138		0.05134547858		126.2383254
16		16		0.138		0.0578275911		126.2392447
16		16		0.138		0.06429680833		126.2402623
16		16		0.138		0.07075647643		126.2413996
16		16		0.138		0.07720586588		126.2426414
16		16		0.138		0.08364667202		126.2439949
16		16		0.138		0.09007690447		126.2454518
16		16		0.138		0.09650121583		126.2470243
16		16		0.138		0.1029195896		126.2487024
16		16		0.138		0.1093262885		126.2504899
16		16		0.138		0.1157252563		126.2523827
16		16		0.138		0.122115725		126.2543875
16		16		0.138		0.1284969546		126.2565017
16		16		0.144		0.008539053148		129.4138571
16		16		0.144		0.01192838747		129.4139549
16		16		0.144		0.01530601469		129.4141169
16		16		0.144		0.0186896601		129.4143342
16		16		0.144		0.02201639362		129.414614
16		16		0.144		0.02535154152		129.4149439
16		16		0.144		0.02867534698		129.4153317
16		16		0.144		0.03193163044		129.4157781
16		16		0.144		0.03519277147		129.4162755
16		16		0.144		0.03839470004		129.4168319
16		16		0.144		0.04159665968		129.4174376
16		16		0.144		0.04473455765		129.4180995
16		16		0.144		0.04787514832		129.4188167
16		16		0.144		0.05095161403		129.4195802
16		16		0.144		0.05398196601		129.4204
16		16		0.144		0.0570201337		129.4212725
16		16		0.144		0.05999000081		129.4221901
16		16		0.144		0.06296013396		129.4231675
16		16		0.144		0.06586004641		129.4241878
16		16		0.144		0.06871376409		129.4252542
16		16		0.15		0.004068981404		131.7371721
16		16		0.15		0.009313908386		131.7373024
16		16		0.15		0.01450454229		131.7375183
16		16		0.15		0.01974224644		131.7378226
16		16		0.15		0.02499797176		131.7382191
16		16		0.15		0.03026673175		131.7387006
16		16		0.15		0.03554558081		131.7392729
16		16		0.15		0.04083821645		131.739934
16		16		0.15		0.04614428483		131.7406864
16		16		0.15		0.05146198177		131.741528
16		16		0.15		0.05679662826		131.7424595
16		16		0.15		0.06214294222		131.7434839
16		16		0.15		0.06750346036		131.7446006
16		16		0.15		0.07287743666		131.7458036
16		16		0.15		0.07826525242		131.7470983
16		16		0.15		0.08366390532		131.7484897
16		16		0.15		0.08902152533		131.7499703
16		16		0.15		0.09448685277		131.7515439
16		16		0.15		0.09987498234		131.7532098
16		16		0.15		0.105366928		131.7549681
16		16		0.156		0.006570035168		134.3058015
16		16		0.156		0.01310479285		134.3059683
16		16		0.156		0.01951835379		134.3062345
16		16		0.156		0.02576596319		134.3066114
16		16		0.156		0.03192782978		134.307072
16		16		0.156		0.03803611484		134.3076461
16		16		0.156		0.04414173101		134.3083246
16		16		0.156		0.05017592585		134.3090953
16		16		0.156		0.05619464106		134.309968
16		16		0.156		0.06220078344		134.3109496
16		16		0.156		0.06820445447		134.3120319
16		16		0.156		0.07420346558		134.3132101
16		16		0.156		0.08020270555		134.3144897
16		16		0.156		0.08619812972		134.3158743
16		16		0.156		0.09219488776		134.3173625
16		16		0.156		0.09818649134		134.3189466
16		16		0.156		0.1041777987		134.3206373
16		16		0.156		0.1101670075		134.3224224
16		16		0.156		0.1161750238		134.3243161
16		16		0.156		0.1221193822		134.3263097
16		16		0.162		0.004330003743		136.9793447
16		16		0.162		0.009394886061		136.9794923
16		16		0.162		0.01467059876		136.9797269
16		16		0.162		0.01985384539		136.9800497
16		16		0.162		0.0249403906		136.9804617
16		16		0.162		0.02994961861		136.9809577
16		16		0.162		0.03485890313		136.9815342
16		16		0.162		0.03965815638		136.9821944
16		16		0.162		0.04432180393		136.9829354
16		16		0.162		0.04888446487		136.9837523
16		16		0.162		0.05330109765		136.9846462
16		16		0.162		0.05756790257		136.9856095
16		16		0.162		0.06168741081		136.9866412
16		16		0.162		0.06562586765		136.9877484
16		16		0.162		0.06938425671		136.9889171
16		16		0.162		0.07295177503		136.9901439
16		16		0.162		0.07628984399		136.9914333
16		16		0.162		0.07938799271		136.992765
16		16		0.162		0.08221602518		136.9941483
16		16		0.162		0.08474747061		136.9955825
16		16		0.168		0.006280013331		139.4090331
16		16		0.168		0.01464193031		139.4092137
16		16		0.168		0.02282725679		139.4095247
16		16		0.168		0.03098386532		139.4099677
16		16		0.168		0.03897063381		139.4105429
16		16		0.168		0.04686741121		139.4112438
16		16		0.168		0.05471625417		139.4120794
16		16		0.168		0.06257551719		139.4130536
16		16		0.168		0.07030757898		139.4141528
16		16		0.168		0.07811723102		139.4153865
16		16		0.168		0.0858664092		139.416747
16		16		0.168		0.0936012886		139.4182452
16		16		0.168		0.1013340767		139.419874
16		16		0.168		0.1090626719		139.4216259
16		16		0.168		0.1167904418		139.4235162
16		16		0.168		0.1245180257		139.4255339
16		16		0.168		0.13224176		139.4276912
16		16		0.168		0.1399616825		139.4299698
16		16		0.168		0.1476782128		139.4323853
16		16		0.168		0.155389997		139.4349307
16		16		0.174		0.007971816354		141.0044849
16		16		0.174		0.01708987745		141.004708
16		16		0.174		0.02611310681		141.0050816
16		16		0.174		0.03525459643		141.0056088
16		16		0.174		0.04418864638		141.0062847
16		16		0.174		0.05323153613		141.0071101
16		16		0.174		0.06219177582		141.0080879
16		16		0.174		0.07101061692		141.0092171
16		16		0.174		0.07997778511		141.0104933
16		16		0.174		0.08888267903		141.0119205
16		16		0.174		0.09775334317		141.0134997
16		16		0.174		0.1066146674		141.0152273
16		16		0.174		0.1154671486		141.0171087
16		16		0.174		0.1243191649		141.0191392
16		16		0.174		0.13316652		141.0213188
16		16		0.174		0.1420118484		141.0236495
16		16		0.174		0.1508535043		141.0261282
16		16		0.174		0.1596945897		141.0287668
16		16		0.174		0.1685328755		141.0315437
16		16		0.174		0.1773693993		141.0344769
